(kicad_pcb (version 20171130) (host pcbnew 5.0.2-bee76a0~70~ubuntu18.04.1)

  (general
    (thickness 1.6)
    (drawings 25)
    (tracks 161)
    (zones 0)
    (modules 84)
    (nets 86)
  )

  (page A4)
  (title_block
    (title Chaac)
    (date 2019-01-02)
    (rev 1.0)
    (company @alvaroprieto)
  )

  (layers
    (0 F.Cu signal)
    (31 B.Cu signal)
    (32 B.Adhes user)
    (33 F.Adhes user)
    (34 B.Paste user)
    (35 F.Paste user)
    (36 B.SilkS user)
    (37 F.SilkS user)
    (38 B.Mask user)
    (39 F.Mask user)
    (40 Dwgs.User user hide)
    (41 Cmts.User user)
    (42 Eco1.User user)
    (43 Eco2.User user)
    (44 Edge.Cuts user)
    (45 Margin user)
    (46 B.CrtYd user)
    (47 F.CrtYd user)
    (48 B.Fab user)
    (49 F.Fab user hide)
  )

  (setup
    (last_trace_width 0.1524)
    (user_trace_width 0.1524)
    (user_trace_width 0.2032)
    (user_trace_width 0.254)
    (user_trace_width 0.3048)
    (user_trace_width 0.381)
    (user_trace_width 0.508)
    (user_trace_width 0.635)
    (user_trace_width 1.016)
    (trace_clearance 0.1524)
    (zone_clearance 0.254)
    (zone_45_only no)
    (trace_min 0.1524)
    (segment_width 0.2)
    (edge_width 0.15)
    (via_size 0.508)
    (via_drill 0.254)
    (via_min_size 0.508)
    (via_min_drill 0.254)
    (uvia_size 0.508)
    (uvia_drill 0.254)
    (uvias_allowed no)
    (uvia_min_size 0.2)
    (uvia_min_drill 0.1)
    (pcb_text_width 0.3)
    (pcb_text_size 1.5 1.5)
    (mod_edge_width 0.15)
    (mod_text_size 1 1)
    (mod_text_width 0.15)
    (pad_size 1.524 1.524)
    (pad_drill 0.762)
    (pad_to_mask_clearance 0.0508)
    (solder_mask_min_width 0.25)
    (aux_axis_origin 0 0)
    (visible_elements FFFFFF7F)
    (pcbplotparams
      (layerselection 0x010fc_ffffffff)
      (usegerberextensions false)
      (usegerberattributes true)
      (usegerberadvancedattributes false)
      (creategerberjobfile false)
      (excludeedgelayer true)
      (linewidth 0.100000)
      (plotframeref false)
      (viasonmask false)
      (mode 1)
      (useauxorigin false)
      (hpglpennumber 1)
      (hpglpenspeed 20)
      (hpglpendiameter 15.000000)
      (psnegative false)
      (psa4output false)
      (plotreference true)
      (plotvalue true)
      (plotinvisibletext false)
      (padsonsilk false)
      (subtractmaskfromsilk false)
      (outputformat 1)
      (mirror false)
      (drillshape 0)
      (scaleselection 1)
      (outputdirectory "gerber/"))
  )

  (net 0 "")
  (net 1 GND)
  (net 2 +3V3)
  (net 3 "Net-(J1-Pad1)")
  (net 4 "Net-(J1-Pad2)")
  (net 5 "Net-(J1-Pad3)")
  (net 6 "Net-(J1-Pad4)")
  (net 7 "Net-(J1-Pad5)")
  (net 8 "Net-(J1-Pad6)")
  (net 9 /GPS_RXD)
  (net 10 /GPS_TXD)
  (net 11 /SCL)
  (net 12 /SDA)
  (net 13 /LIGHT)
  (net 14 /RAIN)
  (net 15 /WDIR)
  (net 16 /WSPEED)
  (net 17 /XB_nRST)
  (net 18 "Net-(U1-Pad4)")
  (net 19 /XB_RX)
  (net 20 /XB_TX)
  (net 21 /XB_ON)
  (net 22 "Net-(U2-Pad21)")
  (net 23 "Net-(U2-Pad31)")
  (net 24 "Net-(U3-Pad4)")
  (net 25 "Net-(U3-Pad6)")
  (net 26 "Net-(U3-Pad7)")
  (net 27 "Net-(U3-Pad8)")
  (net 28 "Net-(U3-Pad11)")
  (net 29 "Net-(U3-Pad12)")
  (net 30 "Net-(U3-Pad14)")
  (net 31 "Net-(U3-Pad15)")
  (net 32 "Net-(U3-Pad16)")
  (net 33 "Net-(U3-Pad17)")
  (net 34 "Net-(U3-Pad18)")
  (net 35 "Net-(U3-Pad19)")
  (net 36 "Net-(U3-Pad20)")
  (net 37 "Net-(ANT1-Pad1)")
  (net 38 "Net-(ANT1-Pad2)")
  (net 39 "Net-(ANT1-Pad5)")
  (net 40 "Net-(C2-Pad1)")
  (net 41 "Net-(C9-Pad2)")
  (net 42 /GPS_nRST)
  (net 43 /GPS_SBY)
  (net 44 "Net-(L1-Pad1)")
  (net 45 "Net-(L2-Pad1)")
  (net 46 "Net-(J1-Pad11)")
  (net 47 "Net-(J1-Pad10)")
  (net 48 "Net-(J1-Pad8)")
  (net 49 "Net-(J1-Pad9)")
  (net 50 "Net-(R11-Pad2)")
  (net 51 /XB_nSBY)
  (net 52 /GPS_FIX)
  (net 53 "Net-(U4-Pad11)")
  (net 54 "Net-(J1-Pad12)")
  (net 55 "Net-(J1-Pad7)")
  (net 56 "Net-(C17-Pad1)")
  (net 57 "Net-(C18-Pad1)")
  (net 58 /nRST)
  (net 59 /MCP_VIN)
  (net 60 /VBATT)
  (net 61 /VIN)
  (net 62 /FAN)
  (net 63 /SOLAR_IN)
  (net 64 "Net-(D2-Pad1)")
  (net 65 "Net-(D3-Pad1)")
  (net 66 "Net-(D4-Pad1)")
  (net 67 "Net-(D5-Pad2)")
  (net 68 "Net-(J3-Pad3)")
  (net 69 /UART_RX)
  (net 70 /SWDIO)
  (net 71 /SWCLK)
  (net 72 "Net-(J8-Pad6)")
  (net 73 "Net-(J9-Pad2)")
  (net 74 /BATT)
  (net 75 /UART_TX)
  (net 76 "Net-(R18-Pad2)")
  (net 77 "Net-(R19-Pad2)")
  (net 78 "Net-(R20-Pad1)")
  (net 79 "Net-(R22-Pad1)")
  (net 80 "Net-(R23-Pad1)")
  (net 81 "Net-(R24-Pad1)")
  (net 82 /LED1)
  (net 83 "Net-(U2-Pad22)")
  (net 84 /FAN_EN)
  (net 85 "Net-(U4-Pad6)")

  (net_class Default "This is the default net class."
    (clearance 0.1524)
    (trace_width 0.1524)
    (via_dia 0.508)
    (via_drill 0.254)
    (uvia_dia 0.508)
    (uvia_drill 0.254)
    (diff_pair_gap 0.1524)
    (diff_pair_width 0.1524)
    (add_net +3V3)
    (add_net /BATT)
    (add_net /FAN)
    (add_net /FAN_EN)
    (add_net /GPS_FIX)
    (add_net /GPS_RXD)
    (add_net /GPS_SBY)
    (add_net /GPS_TXD)
    (add_net /GPS_nRST)
    (add_net /LED1)
    (add_net /LIGHT)
    (add_net /MCP_VIN)
    (add_net /RAIN)
    (add_net /SCL)
    (add_net /SDA)
    (add_net /SOLAR_IN)
    (add_net /SWCLK)
    (add_net /SWDIO)
    (add_net /UART_RX)
    (add_net /UART_TX)
    (add_net /VBATT)
    (add_net /VIN)
    (add_net /WDIR)
    (add_net /WSPEED)
    (add_net /XB_ON)
    (add_net /XB_RX)
    (add_net /XB_TX)
    (add_net /XB_nRST)
    (add_net /XB_nSBY)
    (add_net /nRST)
    (add_net GND)
    (add_net "Net-(ANT1-Pad1)")
    (add_net "Net-(ANT1-Pad2)")
    (add_net "Net-(ANT1-Pad5)")
    (add_net "Net-(C17-Pad1)")
    (add_net "Net-(C18-Pad1)")
    (add_net "Net-(C2-Pad1)")
    (add_net "Net-(C9-Pad2)")
    (add_net "Net-(D2-Pad1)")
    (add_net "Net-(D3-Pad1)")
    (add_net "Net-(D4-Pad1)")
    (add_net "Net-(D5-Pad2)")
    (add_net "Net-(J1-Pad1)")
    (add_net "Net-(J1-Pad10)")
    (add_net "Net-(J1-Pad11)")
    (add_net "Net-(J1-Pad12)")
    (add_net "Net-(J1-Pad2)")
    (add_net "Net-(J1-Pad3)")
    (add_net "Net-(J1-Pad4)")
    (add_net "Net-(J1-Pad5)")
    (add_net "Net-(J1-Pad6)")
    (add_net "Net-(J1-Pad7)")
    (add_net "Net-(J1-Pad8)")
    (add_net "Net-(J1-Pad9)")
    (add_net "Net-(J3-Pad3)")
    (add_net "Net-(J8-Pad6)")
    (add_net "Net-(J9-Pad2)")
    (add_net "Net-(L1-Pad1)")
    (add_net "Net-(L2-Pad1)")
    (add_net "Net-(R11-Pad2)")
    (add_net "Net-(R18-Pad2)")
    (add_net "Net-(R19-Pad2)")
    (add_net "Net-(R20-Pad1)")
    (add_net "Net-(R22-Pad1)")
    (add_net "Net-(R23-Pad1)")
    (add_net "Net-(R24-Pad1)")
    (add_net "Net-(U1-Pad4)")
    (add_net "Net-(U2-Pad21)")
    (add_net "Net-(U2-Pad22)")
    (add_net "Net-(U2-Pad31)")
    (add_net "Net-(U3-Pad11)")
    (add_net "Net-(U3-Pad12)")
    (add_net "Net-(U3-Pad14)")
    (add_net "Net-(U3-Pad15)")
    (add_net "Net-(U3-Pad16)")
    (add_net "Net-(U3-Pad17)")
    (add_net "Net-(U3-Pad18)")
    (add_net "Net-(U3-Pad19)")
    (add_net "Net-(U3-Pad20)")
    (add_net "Net-(U3-Pad4)")
    (add_net "Net-(U3-Pad6)")
    (add_net "Net-(U3-Pad7)")
    (add_net "Net-(U3-Pad8)")
    (add_net "Net-(U4-Pad11)")
    (add_net "Net-(U4-Pad6)")
  )

  (module alvarop:M10578-A2 (layer F.Cu) (tedit 5C1F05A4) (tstamp 5C34E3A9)
    (at 147.828 125.73 180)
    (path /5C2DC759)
    (fp_text reference U4 (at -4.064 5.588 180) (layer F.SilkS)
      (effects (font (size 1 1) (thickness 0.15)))
    )
    (fp_text value M10578-A2 (at 0 -6 180) (layer F.Fab)
      (effects (font (size 1 1) (thickness 0.15)))
    )
    (fp_line (start 4.8 -4.8) (end 4.8 4.8) (layer F.SilkS) (width 0.2))
    (fp_line (start 4.8 4.8) (end -4.8 4.8) (layer F.SilkS) (width 0.2))
    (fp_line (start -4.8 4.8) (end -4.8 -4.8) (layer F.SilkS) (width 0.2))
    (fp_line (start -4.8 -4.8) (end 4.8 -4.8) (layer F.SilkS) (width 0.2))
    (pad 1 smd circle (at -3.7 -3.7 180) (size 1 1) (layers F.Cu F.Paste F.Mask)
      (net 1 GND))
    (pad 2 smd rect (at -1.85 -3.7 180) (size 1 1) (layers F.Cu F.Paste F.Mask)
      (net 1 GND))
    (pad 3 smd rect (at 0 -3.7 180) (size 1 1) (layers F.Cu F.Paste F.Mask)
      (net 41 "Net-(C9-Pad2)"))
    (pad 4 smd rect (at 1.85 -3.7 180) (size 1 1) (layers F.Cu F.Paste F.Mask)
      (net 1 GND))
    (pad 5 smd rect (at 3.7 -3.7 180) (size 1 1) (layers F.Cu F.Paste F.Mask)
      (net 1 GND))
    (pad 6 smd rect (at 3.7 -1.85 180) (size 1 1) (layers F.Cu F.Paste F.Mask)
      (net 85 "Net-(U4-Pad6)"))
    (pad 7 smd rect (at 3.7 0 180) (size 1 1) (layers F.Cu F.Paste F.Mask)
      (net 42 /GPS_nRST))
    (pad 8 smd rect (at 3.7 1.85 180) (size 1 1) (layers F.Cu F.Paste F.Mask)
      (net 43 /GPS_SBY))
    (pad 9 smd rect (at 3.7 3.7 180) (size 1 1) (layers F.Cu F.Paste F.Mask)
      (net 45 "Net-(L2-Pad1)"))
    (pad 10 smd rect (at 1.85 3.7 180) (size 1 1) (layers F.Cu F.Paste F.Mask)
      (net 44 "Net-(L1-Pad1)"))
    (pad 11 smd rect (at 0 3.7 180) (size 1 1) (layers F.Cu F.Paste F.Mask)
      (net 53 "Net-(U4-Pad11)"))
    (pad 12 smd rect (at -1.85 3.7 180) (size 1 1) (layers F.Cu F.Paste F.Mask)
      (net 50 "Net-(R11-Pad2)"))
    (pad 13 smd rect (at -3.7 3.7 180) (size 1 1) (layers F.Cu F.Paste F.Mask)
      (net 52 /GPS_FIX))
    (pad 14 smd rect (at -3.7 1.85 180) (size 1 1) (layers F.Cu F.Paste F.Mask)
      (net 2 +3V3))
    (pad 15 smd rect (at -3.7 0 180) (size 1 1) (layers F.Cu F.Paste F.Mask)
      (net 2 +3V3))
    (pad 16 smd rect (at -3.7 -1.85 180) (size 1 1) (layers F.Cu F.Paste F.Mask)
      (net 1 GND))
  )

  (module alvarop:SR4G008 (layer F.Cu) (tedit 5C1FC95F) (tstamp 5C34E287)
    (at 147.066 139.192 180)
    (path /5C5E4A22)
    (fp_text reference ANT1 (at -6.604 3.556 180) (layer F.SilkS)
      (effects (font (size 1 1) (thickness 0.15)))
    )
    (fp_text value SR4G008 (at 0 -4 180) (layer F.Fab)
      (effects (font (size 1 1) (thickness 0.15)))
    )
    (fp_circle (center -4 3.4) (end -3.6 3.4) (layer F.SilkS) (width 0.2))
    (fp_line (start 4 3.4) (end 4 -2.9) (layer F.SilkS) (width 0.2))
    (fp_line (start -3.6 3.4) (end 4 3.4) (layer F.SilkS) (width 0.2))
    (fp_line (start -4 -2.9) (end -4 3) (layer F.SilkS) (width 0.2))
    (fp_poly (pts (xy 3.5 -2.9) (xy -3.5 -2.9) (xy -3.5 2.9) (xy 3.5 2.9)) (layer Dwgs.User) (width 0.15))
    (pad 6 smd rect (at -2.8 -2.2 180) (size 1 1) (layers F.Cu F.Paste F.Mask)
      (net 1 GND))
    (pad 4 smd rect (at 2.8 -2.2 180) (size 1 1) (layers F.Cu F.Paste F.Mask)
      (net 1 GND))
    (pad 5 smd rect (at -0.8 -2.2 180) (size 1 1) (layers F.Cu F.Paste F.Mask)
      (net 39 "Net-(ANT1-Pad5)"))
    (pad 3 smd rect (at 2.8 2.2 180) (size 1 1) (layers F.Cu F.Paste F.Mask)
      (net 1 GND))
    (pad 2 smd rect (at -0.8 2.2 180) (size 1 1) (layers F.Cu F.Paste F.Mask)
      (net 38 "Net-(ANT1-Pad2)"))
    (pad 1 smd rect (at -2.8 2.2 180) (size 1 1) (layers F.Cu F.Paste F.Mask)
      (net 37 "Net-(ANT1-Pad1)"))
    (model /home/alvaro/code/kicad/3d/SR4G008_Sinica.STEP
      (offset (xyz 3.25 -6.8 -3.5))
      (scale (xyz 1 1 1))
      (rotate (xyz 0 0 0))
    )
  )

  (module alvarop:043814-6621 locked (layer F.Cu) (tedit 5C1F9D76) (tstamp 5C34E9D3)
    (at 134.62 83.82 180)
    (path /5C20BE5F)
    (fp_text reference J1 (at 14.986 3.302 180) (layer F.SilkS)
      (effects (font (size 1 1) (thickness 0.15)))
    )
    (fp_text value windrain (at 0 -10.16 180) (layer F.Fab)
      (effects (font (size 1 1) (thickness 0.15)))
    )
    (fp_line (start 12.7 -8.89) (end -12.7 -8.89) (layer F.SilkS) (width 0.2))
    (fp_line (start -12.7 5.08) (end -12.7 -8.89) (layer F.SilkS) (width 0.2))
    (fp_line (start 12.7 5.08) (end 12.7 -8.89) (layer F.SilkS) (width 0.2))
    (pad "" np_thru_hole circle (at -10.795 0 180) (size 3.302 3.302) (drill 3.302) (layers *.Cu *.Mask))
    (pad "" np_thru_hole circle (at 10.795 0 180) (size 3.302 3.302) (drill 3.302) (layers *.Cu *.Mask))
    (pad 1 thru_hole circle (at -8.5852 -3.048 180) (size 1.524 1.524) (drill 0.889) (layers *.Cu *.Mask)
      (net 3 "Net-(J1-Pad1)"))
    (pad 2 thru_hole circle (at -7.5692 -5.08 180) (size 1.524 1.524) (drill 0.889) (layers *.Cu *.Mask)
      (net 4 "Net-(J1-Pad2)"))
    (pad 3 thru_hole circle (at -6.5532 -3.048 180) (size 1.524 1.524) (drill 0.889) (layers *.Cu *.Mask)
      (net 5 "Net-(J1-Pad3)"))
    (pad 4 thru_hole circle (at -5.5372 -5.08 180) (size 1.524 1.524) (drill 0.889) (layers *.Cu *.Mask)
      (net 6 "Net-(J1-Pad4)"))
    (pad 5 thru_hole circle (at -4.5212 -3.048 180) (size 1.524 1.524) (drill 0.889) (layers *.Cu *.Mask)
      (net 7 "Net-(J1-Pad5)"))
    (pad 6 thru_hole circle (at -3.5052 -5.08 180) (size 1.524 1.524) (drill 0.889) (layers *.Cu *.Mask)
      (net 8 "Net-(J1-Pad6)"))
    (pad 7 thru_hole circle (at 3.4798 -3.048 180) (size 1.524 1.524) (drill 0.889) (layers *.Cu *.Mask)
      (net 55 "Net-(J1-Pad7)"))
    (pad 8 thru_hole circle (at 4.4958 -5.08 180) (size 1.524 1.524) (drill 0.889) (layers *.Cu *.Mask)
      (net 48 "Net-(J1-Pad8)"))
    (pad 9 thru_hole circle (at 5.5118 -3.048 180) (size 1.524 1.524) (drill 0.889) (layers *.Cu *.Mask)
      (net 49 "Net-(J1-Pad9)"))
    (pad 10 thru_hole circle (at 6.5278 -5.08 180) (size 1.524 1.524) (drill 0.889) (layers *.Cu *.Mask)
      (net 47 "Net-(J1-Pad10)"))
    (pad 11 thru_hole circle (at 7.5438 -3.048 180) (size 1.524 1.524) (drill 0.889) (layers *.Cu *.Mask)
      (net 46 "Net-(J1-Pad11)"))
    (pad 12 thru_hole circle (at 8.5598 -5.08 180) (size 1.524 1.524) (drill 0.889) (layers *.Cu *.Mask)
      (net 54 "Net-(J1-Pad12)"))
    (model /home/alvaro/code/kicad/3d/438146621.stp
      (offset (xyz 0 0.6349999904632568 6.349999904632568))
      (scale (xyz 1 1 1))
      (rotate (xyz -90 0 0))
    )
  )

  (module Capacitor_SMD:C_0603_1608Metric (layer F.Cu) (tedit 5B301BBE) (tstamp 5BC9E9D7)
    (at 153.416 86.868)
    (descr "Capacitor SMD 0603 (1608 Metric), square (rectangular) end terminal, IPC_7351 nominal, (Body size source: http://www.tortai-tech.com/upload/download/2011102023233369053.pdf), generated with kicad-footprint-generator")
    (tags capacitor)
    (path /5BAC4222)
    (attr smd)
    (fp_text reference C1 (at 3.429 0) (layer F.SilkS)
      (effects (font (size 1 1) (thickness 0.15)))
    )
    (fp_text value 1uF (at 0 1.43) (layer F.Fab)
      (effects (font (size 1 1) (thickness 0.15)))
    )
    (fp_line (start -0.8 0.4) (end -0.8 -0.4) (layer F.Fab) (width 0.1))
    (fp_line (start -0.8 -0.4) (end 0.8 -0.4) (layer F.Fab) (width 0.1))
    (fp_line (start 0.8 -0.4) (end 0.8 0.4) (layer F.Fab) (width 0.1))
    (fp_line (start 0.8 0.4) (end -0.8 0.4) (layer F.Fab) (width 0.1))
    (fp_line (start -0.162779 -0.51) (end 0.162779 -0.51) (layer F.SilkS) (width 0.12))
    (fp_line (start -0.162779 0.51) (end 0.162779 0.51) (layer F.SilkS) (width 0.12))
    (fp_line (start -1.48 0.73) (end -1.48 -0.73) (layer F.CrtYd) (width 0.05))
    (fp_line (start -1.48 -0.73) (end 1.48 -0.73) (layer F.CrtYd) (width 0.05))
    (fp_line (start 1.48 -0.73) (end 1.48 0.73) (layer F.CrtYd) (width 0.05))
    (fp_line (start 1.48 0.73) (end -1.48 0.73) (layer F.CrtYd) (width 0.05))
    (fp_text user %R (at 0 0) (layer F.Fab)
      (effects (font (size 0.4 0.4) (thickness 0.06)))
    )
    (pad 1 smd roundrect (at -0.7875 0) (size 0.875 0.95) (layers F.Cu F.Paste F.Mask) (roundrect_rratio 0.25)
      (net 2 +3V3))
    (pad 2 smd roundrect (at 0.7875 0) (size 0.875 0.95) (layers F.Cu F.Paste F.Mask) (roundrect_rratio 0.25)
      (net 1 GND))
    (model ${KISYS3DMOD}/Capacitor_SMD.3dshapes/C_0603_1608Metric.wrl
      (at (xyz 0 0 0))
      (scale (xyz 1 1 1))
      (rotate (xyz 0 0 0))
    )
  )

  (module Capacitor_SMD:C_0603_1608Metric (layer F.Cu) (tedit 5B301BBE) (tstamp 5BC9E9E8)
    (at 79.756 115.062 180)
    (descr "Capacitor SMD 0603 (1608 Metric), square (rectangular) end terminal, IPC_7351 nominal, (Body size source: http://www.tortai-tech.com/upload/download/2011102023233369053.pdf), generated with kicad-footprint-generator")
    (tags capacitor)
    (path /5BA9A53F)
    (attr smd)
    (fp_text reference C2 (at -0.0255 1.524 180) (layer F.SilkS)
      (effects (font (size 1 1) (thickness 0.15)))
    )
    (fp_text value 1uF (at 0 1.43 180) (layer F.Fab)
      (effects (font (size 1 1) (thickness 0.15)))
    )
    (fp_line (start -0.8 0.4) (end -0.8 -0.4) (layer F.Fab) (width 0.1))
    (fp_line (start -0.8 -0.4) (end 0.8 -0.4) (layer F.Fab) (width 0.1))
    (fp_line (start 0.8 -0.4) (end 0.8 0.4) (layer F.Fab) (width 0.1))
    (fp_line (start 0.8 0.4) (end -0.8 0.4) (layer F.Fab) (width 0.1))
    (fp_line (start -0.162779 -0.51) (end 0.162779 -0.51) (layer F.SilkS) (width 0.12))
    (fp_line (start -0.162779 0.51) (end 0.162779 0.51) (layer F.SilkS) (width 0.12))
    (fp_line (start -1.48 0.73) (end -1.48 -0.73) (layer F.CrtYd) (width 0.05))
    (fp_line (start -1.48 -0.73) (end 1.48 -0.73) (layer F.CrtYd) (width 0.05))
    (fp_line (start 1.48 -0.73) (end 1.48 0.73) (layer F.CrtYd) (width 0.05))
    (fp_line (start 1.48 0.73) (end -1.48 0.73) (layer F.CrtYd) (width 0.05))
    (fp_text user %R (at 0 0 180) (layer F.Fab)
      (effects (font (size 0.4 0.4) (thickness 0.06)))
    )
    (pad 1 smd roundrect (at -0.7875 0 180) (size 0.875 0.95) (layers F.Cu F.Paste F.Mask) (roundrect_rratio 0.25)
      (net 40 "Net-(C2-Pad1)"))
    (pad 2 smd roundrect (at 0.7875 0 180) (size 0.875 0.95) (layers F.Cu F.Paste F.Mask) (roundrect_rratio 0.25)
      (net 1 GND))
    (model ${KISYS3DMOD}/Capacitor_SMD.3dshapes/C_0603_1608Metric.wrl
      (at (xyz 0 0 0))
      (scale (xyz 1 1 1))
      (rotate (xyz 0 0 0))
    )
  )

  (module Capacitor_SMD:C_0603_1608Metric (layer F.Cu) (tedit 5B301BBE) (tstamp 5BC9E9F9)
    (at 153.416 83.312)
    (descr "Capacitor SMD 0603 (1608 Metric), square (rectangular) end terminal, IPC_7351 nominal, (Body size source: http://www.tortai-tech.com/upload/download/2011102023233369053.pdf), generated with kicad-footprint-generator")
    (tags capacitor)
    (path /5BACD3E1)
    (attr smd)
    (fp_text reference C3 (at 3.429 0) (layer F.SilkS)
      (effects (font (size 1 1) (thickness 0.15)))
    )
    (fp_text value 8.2pF (at 0 1.43) (layer F.Fab)
      (effects (font (size 1 1) (thickness 0.15)))
    )
    (fp_text user %R (at 0 0) (layer F.Fab)
      (effects (font (size 0.4 0.4) (thickness 0.06)))
    )
    (fp_line (start 1.48 0.73) (end -1.48 0.73) (layer F.CrtYd) (width 0.05))
    (fp_line (start 1.48 -0.73) (end 1.48 0.73) (layer F.CrtYd) (width 0.05))
    (fp_line (start -1.48 -0.73) (end 1.48 -0.73) (layer F.CrtYd) (width 0.05))
    (fp_line (start -1.48 0.73) (end -1.48 -0.73) (layer F.CrtYd) (width 0.05))
    (fp_line (start -0.162779 0.51) (end 0.162779 0.51) (layer F.SilkS) (width 0.12))
    (fp_line (start -0.162779 -0.51) (end 0.162779 -0.51) (layer F.SilkS) (width 0.12))
    (fp_line (start 0.8 0.4) (end -0.8 0.4) (layer F.Fab) (width 0.1))
    (fp_line (start 0.8 -0.4) (end 0.8 0.4) (layer F.Fab) (width 0.1))
    (fp_line (start -0.8 -0.4) (end 0.8 -0.4) (layer F.Fab) (width 0.1))
    (fp_line (start -0.8 0.4) (end -0.8 -0.4) (layer F.Fab) (width 0.1))
    (pad 2 smd roundrect (at 0.7875 0) (size 0.875 0.95) (layers F.Cu F.Paste F.Mask) (roundrect_rratio 0.25)
      (net 1 GND))
    (pad 1 smd roundrect (at -0.7875 0) (size 0.875 0.95) (layers F.Cu F.Paste F.Mask) (roundrect_rratio 0.25)
      (net 2 +3V3))
    (model ${KISYS3DMOD}/Capacitor_SMD.3dshapes/C_0603_1608Metric.wrl
      (at (xyz 0 0 0))
      (scale (xyz 1 1 1))
      (rotate (xyz 0 0 0))
    )
  )

  (module Capacitor_SMD:C_0603_1608Metric (layer F.Cu) (tedit 5B301BBE) (tstamp 5BC9EA0A)
    (at 153.416 85.09)
    (descr "Capacitor SMD 0603 (1608 Metric), square (rectangular) end terminal, IPC_7351 nominal, (Body size source: http://www.tortai-tech.com/upload/download/2011102023233369053.pdf), generated with kicad-footprint-generator")
    (tags capacitor)
    (path /5BAD2D9C)
    (attr smd)
    (fp_text reference C4 (at 3.429 0) (layer F.SilkS)
      (effects (font (size 1 1) (thickness 0.15)))
    )
    (fp_text value 10uF (at 0 1.43) (layer F.Fab)
      (effects (font (size 1 1) (thickness 0.15)))
    )
    (fp_line (start -0.8 0.4) (end -0.8 -0.4) (layer F.Fab) (width 0.1))
    (fp_line (start -0.8 -0.4) (end 0.8 -0.4) (layer F.Fab) (width 0.1))
    (fp_line (start 0.8 -0.4) (end 0.8 0.4) (layer F.Fab) (width 0.1))
    (fp_line (start 0.8 0.4) (end -0.8 0.4) (layer F.Fab) (width 0.1))
    (fp_line (start -0.162779 -0.51) (end 0.162779 -0.51) (layer F.SilkS) (width 0.12))
    (fp_line (start -0.162779 0.51) (end 0.162779 0.51) (layer F.SilkS) (width 0.12))
    (fp_line (start -1.48 0.73) (end -1.48 -0.73) (layer F.CrtYd) (width 0.05))
    (fp_line (start -1.48 -0.73) (end 1.48 -0.73) (layer F.CrtYd) (width 0.05))
    (fp_line (start 1.48 -0.73) (end 1.48 0.73) (layer F.CrtYd) (width 0.05))
    (fp_line (start 1.48 0.73) (end -1.48 0.73) (layer F.CrtYd) (width 0.05))
    (fp_text user %R (at 0 0) (layer F.Fab)
      (effects (font (size 0.4 0.4) (thickness 0.06)))
    )
    (pad 1 smd roundrect (at -0.7875 0) (size 0.875 0.95) (layers F.Cu F.Paste F.Mask) (roundrect_rratio 0.25)
      (net 2 +3V3))
    (pad 2 smd roundrect (at 0.7875 0) (size 0.875 0.95) (layers F.Cu F.Paste F.Mask) (roundrect_rratio 0.25)
      (net 1 GND))
    (model ${KISYS3DMOD}/Capacitor_SMD.3dshapes/C_0603_1608Metric.wrl
      (at (xyz 0 0 0))
      (scale (xyz 1 1 1))
      (rotate (xyz 0 0 0))
    )
  )

  (module Capacitor_SMD:C_0603_1608Metric (layer F.Cu) (tedit 5B301BBE) (tstamp 5BC9EA1B)
    (at 80.01 121.92 180)
    (descr "Capacitor SMD 0603 (1608 Metric), square (rectangular) end terminal, IPC_7351 nominal, (Body size source: http://www.tortai-tech.com/upload/download/2011102023233369053.pdf), generated with kicad-footprint-generator")
    (tags capacitor)
    (path /5BA9A5CD)
    (attr smd)
    (fp_text reference C5 (at 0 -1.524 180) (layer F.SilkS)
      (effects (font (size 1 1) (thickness 0.15)))
    )
    (fp_text value 1uF (at 0 1.43 180) (layer F.Fab)
      (effects (font (size 1 1) (thickness 0.15)))
    )
    (fp_line (start -0.8 0.4) (end -0.8 -0.4) (layer F.Fab) (width 0.1))
    (fp_line (start -0.8 -0.4) (end 0.8 -0.4) (layer F.Fab) (width 0.1))
    (fp_line (start 0.8 -0.4) (end 0.8 0.4) (layer F.Fab) (width 0.1))
    (fp_line (start 0.8 0.4) (end -0.8 0.4) (layer F.Fab) (width 0.1))
    (fp_line (start -0.162779 -0.51) (end 0.162779 -0.51) (layer F.SilkS) (width 0.12))
    (fp_line (start -0.162779 0.51) (end 0.162779 0.51) (layer F.SilkS) (width 0.12))
    (fp_line (start -1.48 0.73) (end -1.48 -0.73) (layer F.CrtYd) (width 0.05))
    (fp_line (start -1.48 -0.73) (end 1.48 -0.73) (layer F.CrtYd) (width 0.05))
    (fp_line (start 1.48 -0.73) (end 1.48 0.73) (layer F.CrtYd) (width 0.05))
    (fp_line (start 1.48 0.73) (end -1.48 0.73) (layer F.CrtYd) (width 0.05))
    (fp_text user %R (at 0 0 180) (layer F.Fab)
      (effects (font (size 0.4 0.4) (thickness 0.06)))
    )
    (pad 1 smd roundrect (at -0.7875 0 180) (size 0.875 0.95) (layers F.Cu F.Paste F.Mask) (roundrect_rratio 0.25)
      (net 2 +3V3))
    (pad 2 smd roundrect (at 0.7875 0 180) (size 0.875 0.95) (layers F.Cu F.Paste F.Mask) (roundrect_rratio 0.25)
      (net 1 GND))
    (model ${KISYS3DMOD}/Capacitor_SMD.3dshapes/C_0603_1608Metric.wrl
      (at (xyz 0 0 0))
      (scale (xyz 1 1 1))
      (rotate (xyz 0 0 0))
    )
  )

  (module Connector_PinHeader_2.54mm:PinHeader_1x03_P2.54mm_Vertical (layer F.Cu) (tedit 59FED5CC) (tstamp 5BC9EA9B)
    (at 84.836 116.586 180)
    (descr "Through hole straight pin header, 1x03, 2.54mm pitch, single row")
    (tags "Through hole pin header THT 1x03 2.54mm single row")
    (path /5BAB4149)
    (fp_text reference J5 (at 0 -2.33 180) (layer F.SilkS)
      (effects (font (size 1 1) (thickness 0.15)))
    )
    (fp_text value Power (at 0 7.41 180) (layer F.Fab)
      (effects (font (size 1 1) (thickness 0.15)))
    )
    (fp_text user %R (at 0 2.54 -90) (layer F.Fab)
      (effects (font (size 1 1) (thickness 0.15)))
    )
    (fp_line (start 1.8 -1.8) (end -1.8 -1.8) (layer F.CrtYd) (width 0.05))
    (fp_line (start 1.8 6.85) (end 1.8 -1.8) (layer F.CrtYd) (width 0.05))
    (fp_line (start -1.8 6.85) (end 1.8 6.85) (layer F.CrtYd) (width 0.05))
    (fp_line (start -1.8 -1.8) (end -1.8 6.85) (layer F.CrtYd) (width 0.05))
    (fp_line (start -1.33 -1.33) (end 0 -1.33) (layer F.SilkS) (width 0.12))
    (fp_line (start -1.33 0) (end -1.33 -1.33) (layer F.SilkS) (width 0.12))
    (fp_line (start -1.33 1.27) (end 1.33 1.27) (layer F.SilkS) (width 0.12))
    (fp_line (start 1.33 1.27) (end 1.33 6.41) (layer F.SilkS) (width 0.12))
    (fp_line (start -1.33 1.27) (end -1.33 6.41) (layer F.SilkS) (width 0.12))
    (fp_line (start -1.33 6.41) (end 1.33 6.41) (layer F.SilkS) (width 0.12))
    (fp_line (start -1.27 -0.635) (end -0.635 -1.27) (layer F.Fab) (width 0.1))
    (fp_line (start -1.27 6.35) (end -1.27 -0.635) (layer F.Fab) (width 0.1))
    (fp_line (start 1.27 6.35) (end -1.27 6.35) (layer F.Fab) (width 0.1))
    (fp_line (start 1.27 -1.27) (end 1.27 6.35) (layer F.Fab) (width 0.1))
    (fp_line (start -0.635 -1.27) (end 1.27 -1.27) (layer F.Fab) (width 0.1))
    (pad 3 thru_hole oval (at 0 5.08 180) (size 1.7 1.7) (drill 1) (layers *.Cu *.Mask)
      (net 61 /VIN))
    (pad 2 thru_hole oval (at 0 2.54 180) (size 1.7 1.7) (drill 1) (layers *.Cu *.Mask)
      (net 1 GND))
    (pad 1 thru_hole rect (at 0 0 180) (size 1.7 1.7) (drill 1) (layers *.Cu *.Mask)
      (net 2 +3V3))
    (model ${KISYS3DMOD}/Connector_PinHeader_2.54mm.3dshapes/PinHeader_1x03_P2.54mm_Vertical.wrl
      (at (xyz 0 0 0))
      (scale (xyz 1 1 1))
      (rotate (xyz 0 0 0))
    )
  )

  (module Resistor_SMD:R_0603_1608Metric (layer F.Cu) (tedit 5B301BBD) (tstamp 5BC9FB26)
    (at 122.428 96.774 270)
    (descr "Resistor SMD 0603 (1608 Metric), square (rectangular) end terminal, IPC_7351 nominal, (Body size source: http://www.tortai-tech.com/upload/download/2011102023233369053.pdf), generated with kicad-footprint-generator")
    (tags resistor)
    (path /5BA98175)
    (attr smd)
    (fp_text reference R1 (at 2.921 0 270) (layer F.SilkS)
      (effects (font (size 1 1) (thickness 0.15)))
    )
    (fp_text value 1k (at 0 1.43 270) (layer F.Fab)
      (effects (font (size 1 1) (thickness 0.15)))
    )
    (fp_text user %R (at 0 0 270) (layer F.Fab)
      (effects (font (size 0.4 0.4) (thickness 0.06)))
    )
    (fp_line (start 1.48 0.73) (end -1.48 0.73) (layer F.CrtYd) (width 0.05))
    (fp_line (start 1.48 -0.73) (end 1.48 0.73) (layer F.CrtYd) (width 0.05))
    (fp_line (start -1.48 -0.73) (end 1.48 -0.73) (layer F.CrtYd) (width 0.05))
    (fp_line (start -1.48 0.73) (end -1.48 -0.73) (layer F.CrtYd) (width 0.05))
    (fp_line (start -0.162779 0.51) (end 0.162779 0.51) (layer F.SilkS) (width 0.12))
    (fp_line (start -0.162779 -0.51) (end 0.162779 -0.51) (layer F.SilkS) (width 0.12))
    (fp_line (start 0.8 0.4) (end -0.8 0.4) (layer F.Fab) (width 0.1))
    (fp_line (start 0.8 -0.4) (end 0.8 0.4) (layer F.Fab) (width 0.1))
    (fp_line (start -0.8 -0.4) (end 0.8 -0.4) (layer F.Fab) (width 0.1))
    (fp_line (start -0.8 0.4) (end -0.8 -0.4) (layer F.Fab) (width 0.1))
    (pad 2 smd roundrect (at 0.7875 0 270) (size 0.875 0.95) (layers F.Cu F.Paste F.Mask) (roundrect_rratio 0.25)
      (net 15 /WDIR))
    (pad 1 smd roundrect (at -0.7875 0 270) (size 0.875 0.95) (layers F.Cu F.Paste F.Mask) (roundrect_rratio 0.25)
      (net 46 "Net-(J1-Pad11)"))
    (model ${KISYS3DMOD}/Resistor_SMD.3dshapes/R_0603_1608Metric.wrl
      (at (xyz 0 0 0))
      (scale (xyz 1 1 1))
      (rotate (xyz 0 0 0))
    )
  )

  (module Resistor_SMD:R_0603_1608Metric (layer F.Cu) (tedit 5B301BBD) (tstamp 5BC9FC87)
    (at 124.206 96.774 90)
    (descr "Resistor SMD 0603 (1608 Metric), square (rectangular) end terminal, IPC_7351 nominal, (Body size source: http://www.tortai-tech.com/upload/download/2011102023233369053.pdf), generated with kicad-footprint-generator")
    (tags resistor)
    (path /5BA981DC)
    (attr smd)
    (fp_text reference R2 (at -3.048 0 90) (layer F.SilkS)
      (effects (font (size 1 1) (thickness 0.15)))
    )
    (fp_text value 1k (at 0 1.43 90) (layer F.Fab)
      (effects (font (size 1 1) (thickness 0.15)))
    )
    (fp_line (start -0.8 0.4) (end -0.8 -0.4) (layer F.Fab) (width 0.1))
    (fp_line (start -0.8 -0.4) (end 0.8 -0.4) (layer F.Fab) (width 0.1))
    (fp_line (start 0.8 -0.4) (end 0.8 0.4) (layer F.Fab) (width 0.1))
    (fp_line (start 0.8 0.4) (end -0.8 0.4) (layer F.Fab) (width 0.1))
    (fp_line (start -0.162779 -0.51) (end 0.162779 -0.51) (layer F.SilkS) (width 0.12))
    (fp_line (start -0.162779 0.51) (end 0.162779 0.51) (layer F.SilkS) (width 0.12))
    (fp_line (start -1.48 0.73) (end -1.48 -0.73) (layer F.CrtYd) (width 0.05))
    (fp_line (start -1.48 -0.73) (end 1.48 -0.73) (layer F.CrtYd) (width 0.05))
    (fp_line (start 1.48 -0.73) (end 1.48 0.73) (layer F.CrtYd) (width 0.05))
    (fp_line (start 1.48 0.73) (end -1.48 0.73) (layer F.CrtYd) (width 0.05))
    (fp_text user %R (at 0 0 90) (layer F.Fab)
      (effects (font (size 0.4 0.4) (thickness 0.06)))
    )
    (pad 1 smd roundrect (at -0.7875 0 90) (size 0.875 0.95) (layers F.Cu F.Paste F.Mask) (roundrect_rratio 0.25)
      (net 16 /WSPEED))
    (pad 2 smd roundrect (at 0.7875 0 90) (size 0.875 0.95) (layers F.Cu F.Paste F.Mask) (roundrect_rratio 0.25)
      (net 47 "Net-(J1-Pad10)"))
    (model ${KISYS3DMOD}/Resistor_SMD.3dshapes/R_0603_1608Metric.wrl
      (at (xyz 0 0 0))
      (scale (xyz 1 1 1))
      (rotate (xyz 0 0 0))
    )
  )

  (module Resistor_SMD:R_0603_1608Metric (layer F.Cu) (tedit 5B301BBD) (tstamp 5BC9F9FE)
    (at 141.224 96.7995 90)
    (descr "Resistor SMD 0603 (1608 Metric), square (rectangular) end terminal, IPC_7351 nominal, (Body size source: http://www.tortai-tech.com/upload/download/2011102023233369053.pdf), generated with kicad-footprint-generator")
    (tags resistor)
    (path /5BA98024)
    (attr smd)
    (fp_text reference R3 (at -3.2765 0 90) (layer F.SilkS)
      (effects (font (size 1 1) (thickness 0.15)))
    )
    (fp_text value 1k (at 0 1.43 90) (layer F.Fab)
      (effects (font (size 1 1) (thickness 0.15)))
    )
    (fp_text user %R (at 0 0 90) (layer F.Fab)
      (effects (font (size 0.4 0.4) (thickness 0.06)))
    )
    (fp_line (start 1.48 0.73) (end -1.48 0.73) (layer F.CrtYd) (width 0.05))
    (fp_line (start 1.48 -0.73) (end 1.48 0.73) (layer F.CrtYd) (width 0.05))
    (fp_line (start -1.48 -0.73) (end 1.48 -0.73) (layer F.CrtYd) (width 0.05))
    (fp_line (start -1.48 0.73) (end -1.48 -0.73) (layer F.CrtYd) (width 0.05))
    (fp_line (start -0.162779 0.51) (end 0.162779 0.51) (layer F.SilkS) (width 0.12))
    (fp_line (start -0.162779 -0.51) (end 0.162779 -0.51) (layer F.SilkS) (width 0.12))
    (fp_line (start 0.8 0.4) (end -0.8 0.4) (layer F.Fab) (width 0.1))
    (fp_line (start 0.8 -0.4) (end 0.8 0.4) (layer F.Fab) (width 0.1))
    (fp_line (start -0.8 -0.4) (end 0.8 -0.4) (layer F.Fab) (width 0.1))
    (fp_line (start -0.8 0.4) (end -0.8 -0.4) (layer F.Fab) (width 0.1))
    (pad 2 smd roundrect (at 0.7875 0 90) (size 0.875 0.95) (layers F.Cu F.Paste F.Mask) (roundrect_rratio 0.25)
      (net 5 "Net-(J1-Pad3)"))
    (pad 1 smd roundrect (at -0.7875 0 90) (size 0.875 0.95) (layers F.Cu F.Paste F.Mask) (roundrect_rratio 0.25)
      (net 14 /RAIN))
    (model ${KISYS3DMOD}/Resistor_SMD.3dshapes/R_0603_1608Metric.wrl
      (at (xyz 0 0 0))
      (scale (xyz 1 1 1))
      (rotate (xyz 0 0 0))
    )
  )

  (module Resistor_SMD:R_0603_1608Metric (layer F.Cu) (tedit 5B301BBD) (tstamp 5BC9EB26)
    (at 139.446 96.774 270)
    (descr "Resistor SMD 0603 (1608 Metric), square (rectangular) end terminal, IPC_7351 nominal, (Body size source: http://www.tortai-tech.com/upload/download/2011102023233369053.pdf), generated with kicad-footprint-generator")
    (tags resistor)
    (path /5BA980D8)
    (attr smd)
    (fp_text reference R4 (at 3.302 0 270) (layer F.SilkS)
      (effects (font (size 1 1) (thickness 0.15)))
    )
    (fp_text value 1k (at 0 1.43 270) (layer F.Fab)
      (effects (font (size 1 1) (thickness 0.15)))
    )
    (fp_line (start -0.8 0.4) (end -0.8 -0.4) (layer F.Fab) (width 0.1))
    (fp_line (start -0.8 -0.4) (end 0.8 -0.4) (layer F.Fab) (width 0.1))
    (fp_line (start 0.8 -0.4) (end 0.8 0.4) (layer F.Fab) (width 0.1))
    (fp_line (start 0.8 0.4) (end -0.8 0.4) (layer F.Fab) (width 0.1))
    (fp_line (start -0.162779 -0.51) (end 0.162779 -0.51) (layer F.SilkS) (width 0.12))
    (fp_line (start -0.162779 0.51) (end 0.162779 0.51) (layer F.SilkS) (width 0.12))
    (fp_line (start -1.48 0.73) (end -1.48 -0.73) (layer F.CrtYd) (width 0.05))
    (fp_line (start -1.48 -0.73) (end 1.48 -0.73) (layer F.CrtYd) (width 0.05))
    (fp_line (start 1.48 -0.73) (end 1.48 0.73) (layer F.CrtYd) (width 0.05))
    (fp_line (start 1.48 0.73) (end -1.48 0.73) (layer F.CrtYd) (width 0.05))
    (fp_text user %R (at 0 0 270) (layer F.Fab)
      (effects (font (size 0.4 0.4) (thickness 0.06)))
    )
    (pad 1 smd roundrect (at -0.7875 0 270) (size 0.875 0.95) (layers F.Cu F.Paste F.Mask) (roundrect_rratio 0.25)
      (net 6 "Net-(J1-Pad4)"))
    (pad 2 smd roundrect (at 0.7875 0 270) (size 0.875 0.95) (layers F.Cu F.Paste F.Mask) (roundrect_rratio 0.25)
      (net 1 GND))
    (model ${KISYS3DMOD}/Resistor_SMD.3dshapes/R_0603_1608Metric.wrl
      (at (xyz 0 0 0))
      (scale (xyz 1 1 1))
      (rotate (xyz 0 0 0))
    )
  )

  (module Resistor_SMD:R_0603_1608Metric (layer F.Cu) (tedit 5B301BBD) (tstamp 5BC9EB37)
    (at 130.556 96.774 90)
    (descr "Resistor SMD 0603 (1608 Metric), square (rectangular) end terminal, IPC_7351 nominal, (Body size source: http://www.tortai-tech.com/upload/download/2011102023233369053.pdf), generated with kicad-footprint-generator")
    (tags resistor)
    (path /5BA98119)
    (attr smd)
    (fp_text reference R5 (at -3.0225 0 90) (layer F.SilkS)
      (effects (font (size 1 1) (thickness 0.15)))
    )
    (fp_text value 1k (at 0 1.43 90) (layer F.Fab)
      (effects (font (size 1 1) (thickness 0.15)))
    )
    (fp_text user %R (at 0 0 90) (layer F.Fab)
      (effects (font (size 0.4 0.4) (thickness 0.06)))
    )
    (fp_line (start 1.48 0.73) (end -1.48 0.73) (layer F.CrtYd) (width 0.05))
    (fp_line (start 1.48 -0.73) (end 1.48 0.73) (layer F.CrtYd) (width 0.05))
    (fp_line (start -1.48 -0.73) (end 1.48 -0.73) (layer F.CrtYd) (width 0.05))
    (fp_line (start -1.48 0.73) (end -1.48 -0.73) (layer F.CrtYd) (width 0.05))
    (fp_line (start -0.162779 0.51) (end 0.162779 0.51) (layer F.SilkS) (width 0.12))
    (fp_line (start -0.162779 -0.51) (end 0.162779 -0.51) (layer F.SilkS) (width 0.12))
    (fp_line (start 0.8 0.4) (end -0.8 0.4) (layer F.Fab) (width 0.1))
    (fp_line (start 0.8 -0.4) (end 0.8 0.4) (layer F.Fab) (width 0.1))
    (fp_line (start -0.8 -0.4) (end 0.8 -0.4) (layer F.Fab) (width 0.1))
    (fp_line (start -0.8 0.4) (end -0.8 -0.4) (layer F.Fab) (width 0.1))
    (pad 2 smd roundrect (at 0.7875 0 90) (size 0.875 0.95) (layers F.Cu F.Paste F.Mask) (roundrect_rratio 0.25)
      (net 48 "Net-(J1-Pad8)"))
    (pad 1 smd roundrect (at -0.7875 0 90) (size 0.875 0.95) (layers F.Cu F.Paste F.Mask) (roundrect_rratio 0.25)
      (net 1 GND))
    (model ${KISYS3DMOD}/Resistor_SMD.3dshapes/R_0603_1608Metric.wrl
      (at (xyz 0 0 0))
      (scale (xyz 1 1 1))
      (rotate (xyz 0 0 0))
    )
  )

  (module Resistor_SMD:R_0603_1608Metric (layer F.Cu) (tedit 5B301BBD) (tstamp 5BC9EB48)
    (at 128.7773 96.774 90)
    (descr "Resistor SMD 0603 (1608 Metric), square (rectangular) end terminal, IPC_7351 nominal, (Body size source: http://www.tortai-tech.com/upload/download/2011102023233369053.pdf), generated with kicad-footprint-generator")
    (tags resistor)
    (path /5BA98159)
    (attr smd)
    (fp_text reference R6 (at -3.0225 0 90) (layer F.SilkS)
      (effects (font (size 1 1) (thickness 0.15)))
    )
    (fp_text value 1k (at 0 1.43 90) (layer F.Fab)
      (effects (font (size 1 1) (thickness 0.15)))
    )
    (fp_line (start -0.8 0.4) (end -0.8 -0.4) (layer F.Fab) (width 0.1))
    (fp_line (start -0.8 -0.4) (end 0.8 -0.4) (layer F.Fab) (width 0.1))
    (fp_line (start 0.8 -0.4) (end 0.8 0.4) (layer F.Fab) (width 0.1))
    (fp_line (start 0.8 0.4) (end -0.8 0.4) (layer F.Fab) (width 0.1))
    (fp_line (start -0.162779 -0.51) (end 0.162779 -0.51) (layer F.SilkS) (width 0.12))
    (fp_line (start -0.162779 0.51) (end 0.162779 0.51) (layer F.SilkS) (width 0.12))
    (fp_line (start -1.48 0.73) (end -1.48 -0.73) (layer F.CrtYd) (width 0.05))
    (fp_line (start -1.48 -0.73) (end 1.48 -0.73) (layer F.CrtYd) (width 0.05))
    (fp_line (start 1.48 -0.73) (end 1.48 0.73) (layer F.CrtYd) (width 0.05))
    (fp_line (start 1.48 0.73) (end -1.48 0.73) (layer F.CrtYd) (width 0.05))
    (fp_text user %R (at 0 0 90) (layer F.Fab)
      (effects (font (size 0.4 0.4) (thickness 0.06)))
    )
    (pad 1 smd roundrect (at -0.7875 0 90) (size 0.875 0.95) (layers F.Cu F.Paste F.Mask) (roundrect_rratio 0.25)
      (net 1 GND))
    (pad 2 smd roundrect (at 0.7875 0 90) (size 0.875 0.95) (layers F.Cu F.Paste F.Mask) (roundrect_rratio 0.25)
      (net 49 "Net-(J1-Pad9)"))
    (model ${KISYS3DMOD}/Resistor_SMD.3dshapes/R_0603_1608Metric.wrl
      (at (xyz 0 0 0))
      (scale (xyz 1 1 1))
      (rotate (xyz 0 0 0))
    )
  )

  (module Resistor_SMD:R_0603_1608Metric (layer F.Cu) (tedit 5B301BBD) (tstamp 5BC9F97A)
    (at 132.334 96.774 90)
    (descr "Resistor SMD 0603 (1608 Metric), square (rectangular) end terminal, IPC_7351 nominal, (Body size source: http://www.tortai-tech.com/upload/download/2011102023233369053.pdf), generated with kicad-footprint-generator")
    (tags resistor)
    (path /5CAA119E)
    (attr smd)
    (fp_text reference R7 (at -3.0225 0 90) (layer F.SilkS)
      (effects (font (size 1 1) (thickness 0.15)))
    )
    (fp_text value 100k (at 0 1.43 90) (layer F.Fab)
      (effects (font (size 1 1) (thickness 0.15)))
    )
    (fp_text user %R (at 0 0 90) (layer F.Fab)
      (effects (font (size 0.4 0.4) (thickness 0.06)))
    )
    (fp_line (start 1.48 0.73) (end -1.48 0.73) (layer F.CrtYd) (width 0.05))
    (fp_line (start 1.48 -0.73) (end 1.48 0.73) (layer F.CrtYd) (width 0.05))
    (fp_line (start -1.48 -0.73) (end 1.48 -0.73) (layer F.CrtYd) (width 0.05))
    (fp_line (start -1.48 0.73) (end -1.48 -0.73) (layer F.CrtYd) (width 0.05))
    (fp_line (start -0.162779 0.51) (end 0.162779 0.51) (layer F.SilkS) (width 0.12))
    (fp_line (start -0.162779 -0.51) (end 0.162779 -0.51) (layer F.SilkS) (width 0.12))
    (fp_line (start 0.8 0.4) (end -0.8 0.4) (layer F.Fab) (width 0.1))
    (fp_line (start 0.8 -0.4) (end 0.8 0.4) (layer F.Fab) (width 0.1))
    (fp_line (start -0.8 -0.4) (end 0.8 -0.4) (layer F.Fab) (width 0.1))
    (fp_line (start -0.8 0.4) (end -0.8 -0.4) (layer F.Fab) (width 0.1))
    (pad 2 smd roundrect (at 0.7875 0 90) (size 0.875 0.95) (layers F.Cu F.Paste F.Mask) (roundrect_rratio 0.25)
      (net 60 /VBATT))
    (pad 1 smd roundrect (at -0.7875 0 90) (size 0.875 0.95) (layers F.Cu F.Paste F.Mask) (roundrect_rratio 0.25)
      (net 74 /BATT))
    (model ${KISYS3DMOD}/Resistor_SMD.3dshapes/R_0603_1608Metric.wrl
      (at (xyz 0 0 0))
      (scale (xyz 1 1 1))
      (rotate (xyz 0 0 0))
    )
  )

  (module Resistor_SMD:R_0603_1608Metric (layer F.Cu) (tedit 5B301BBD) (tstamp 5BC9EB6A)
    (at 194.564 123.444 180)
    (descr "Resistor SMD 0603 (1608 Metric), square (rectangular) end terminal, IPC_7351 nominal, (Body size source: http://www.tortai-tech.com/upload/download/2011102023233369053.pdf), generated with kicad-footprint-generator")
    (tags resistor)
    (path /5BAA5FBB)
    (attr smd)
    (fp_text reference R8 (at -0.0255 1.524 180) (layer F.SilkS)
      (effects (font (size 1 1) (thickness 0.15)))
    )
    (fp_text value 4.7k (at 0 1.43 180) (layer F.Fab)
      (effects (font (size 1 1) (thickness 0.15)))
    )
    (fp_text user %R (at 0 0 180) (layer F.Fab)
      (effects (font (size 0.4 0.4) (thickness 0.06)))
    )
